image: /home/soren/catkin_ws/src/maps/teb1.pgm
resolution: 0.020000
origin: [-10.500000, -7.600000, 0.000000]
negate: 0
occupied_thresh: 0.65
free_thresh: 0.196

